V1	V2	V3	V4	V5	V6
3388	A015	0	0	2	1
3384	A019	0	0	2	1
3660	A306	0	0	2	1
3661	A325	0	0	2	1
35	ABA-035	0	0	1	1
37	ABA-052	0	0	1	1
38	ABA-056	0	0	1	1
39	ABA-065	0	0	1	1
40	ABA-069	0	0	1	1
44	ABA-091	0	0	1	1
45	ABA-099	0	0	1	1
1902	ADR00057	0	0	1	1
1900	ADR00059	0	0	1	1
1895	ADR00061	0	0	1	1
1892	ADR00065	0	0	1	1
1890	ADR00066	0	0	2	1
1898	ADR00068	0	0	2	1
1888	ADR00074	0	0	1	1
1893	ADR00079	0	0	1	1
1883	ADR00089	0	0	1	1
1891	ADR00102	0	0	2	1
1904	ADR00507	0	0	1	1
1907	ADR00508	0	0	2	1
1906	ADR00510	0	0	1	1
1905	ADR00511	0	0	1	1
1901	ADR00512	0	0	1	1
1889	ADR00513	0	0	1	1
1908	ADR00515	0	0	2	1
2759	ALB191	0	0	2	1
2868	ALB202	0	0	1	1
2907	ALB212	0	0	2	1
2807	ALB213	0	0	2	1
2916	ALB220	0	0	2	1
2935	ALB230	0	0	2	1
3807	ALE009	0	0	1	1
3809	ALE339	0	0	1	1
1964	ALG_LN_204	0	0	1	1
58	ALT-093	0	0	1	1
60	ALT-117	0	0	1	1
64	ALT-168	0	0	1	1
68	ALT-746	0	0	1	1
75	ALT-775	0	0	1	1
78	ALT-846	0	0	1	1
81	ALT-900	0	0	1	1
83	ALT-918	0	0	1	1
84	ALT-935	0	0	1	1
85	ALT-952	0	0	1	1
88	AMU-039	0	0	1	1
90	AMU-049	0	0	1	1
93	AMU-066	0	0	1	1
95	AMU-074	0	0	1	1
98	AMU-160	0	0	1	1
101	AMU-549	0	0	1	1
102	AMU-554	0	0	1	1
108	AMU-601	0	0	1	1
109	AMU-610	0	0	1	1
111	AMU-631	0	0	1	1
112	AMU-636	0	0	1	1
115	AMU-696	0	0	1	1
116	ARK-59	0	0	1	1
118	ARK-76	0	0	1	1
121	ARK-84	0	0	1	1
122	ARK-88	0	0	1	1
3810	ARM005	0	0	1	1
1976	ASR_001	0	0	1	1
1978	ASR_003	0	0	1	1
1980	ASR_005	0	0	1	1
124	AZR-0853	0	0	1	1
130	AZR-0869	0	0	1	1
131	AZR-0870	0	0	1	1
132	AZR-1010	0	0	1	1
137	AZR-1037	0	0	1	1
138	AZR-1039	0	0	1	1
139	AZR-1054	0	0	1	1
140	AZR-1058	0	0	1	1
2937	Adana23108	0	0	1	1
2884	Adana23114	0	0	2	1
49	Adg-194	0	0	1	1
50	Adg-222	0	0	1	1
51	Adg-224	0	0	1	1
52	Adg-226	0	0	2	1
926	Ale16	0	0	2	1
2941	Ale33	0	0	1	1
2984	Ale34	0	0	2	1
2964	Ale35	0	0	2	1
3018	Ale36	0	0	1	1
2972	Ale37	0	0	2	1
890	Ale9	0	0	1	1
2708	Algerian43A22	0	0	2	1
2840	Algerian43A34	0	0	1	1
3665	Assyrian151	0	0	2	1
3666	Assyrian152	0	0	1	1
3667	Assyrian153	0	0	1	1
3671	Assyrian161	0	0	1	1
3673	Assyrian163	0	0	2	1
3675	Assyrian165	0	0	2	1
3012	Aydin18419	0	0	2	1
3009	Aydin18483	0	0	2	1
2897	Aydin18784	0	0	1	1
2988	Aydin18873	0	0	1	1
1909	Ayodo_21S	0	0	2	1
2631	Ayodo_34S	0	0	1	1
2632	Ayodo_35S	0	0	1	1
2630	Ayodo_40S	0	0	1	1
2629	Ayodo_41S	0	0	1	1
2615	Ayodo_430C	0	0	1	1
2623	Ayodo_458C	0	0	2	1
2627	Ayodo_52S	0	0	1	1
2633	Ayodo_5S	0	0	2	1
1920	Ayodo_61K	0	0	2	1
2628	Ayodo_61S	0	0	1	1
1913	Ayodo_67K	0	0	2	1
2626	Ayodo_81S	0	0	2	1
3368	B14	0	0	2	1
3376	B18	0	0	2	1
3183	B26	0	0	2	1
3372	B43	0	0	2	1
3364	B8	0	0	2	1
3275	B81	0	0	2	1
3407	BAO03	0	0	2	1
3077	BAO12	0	0	1	1
3399	BAO22	0	0	1	1
3081	BAO26	0	0	1	1
3085	BAO47	0	0	1	1
141	BAS-005	0	0	1	1
142	BAS-006	0	0	1	1
143	BAS-008	0	0	1	1
144	BAS-014	0	0	1	1
145	BAS-017	0	0	1	1
147	BAS-029	0	0	1	1
148	BAS-031	0	0	1	1
149	BAS-033	0	0	1	1
151	BAS-042	0	0	1	1
153	BAS-046	0	0	1	1
154	BAS-060	0	0	1	1
157	BAS-094	0	0	1	1
158	BAS-096	0	0	1	1
159	BAS-105	0	0	1	1
161	BAS-120	0	0	1	1
163	BAS-125	0	0	1	1
190	BAS-1394	0	0	1	1
165	BAS-150	0	0	1	1
166	BAS-153	0	0	1	1
167	BAS-156	0	0	1	1
171	BAS-652	0	0	1	1
173	BAS-661	0	0	1	1
174	BAS-663	0	0	1	1
176	BAS-670	0	0	1	1
177	BAS-671	0	0	1	1
178	BAS-672	0	0	1	1
179	BAS-683	0	0	1	1
181	BAS-813	0	0	1	1
182	BAS-822	0	0	1	1
186	BAS-834	0	0	1	1
187	BAS-849	0	0	1	1
2818	BAS25	0	0	1	1
2924	BAS27	0	0	1	1
2849	BAS30	0	0	2	1
2946	BAS33	0	0	2	1
1955	BBR030	0	0	1	1
1956	BBR031	0	0	1	1
1957	BBR032	0	0	1	1
3336	BM02	0	0	1	1
3294	BM10	0	0	1	1
3211	BM32	0	0	2	1
3298	BM43	0	0	1	1
3811	BON076	0	0	1	1
3812	BOS010	0	0	1	1
3813	BOS011	0	0	1	1
194	BUR-003	0	0	1	1
195	BUR-008	0	0	1	1
196	BUR-009	0	0	1	1
197	BUR-042	0	0	1	1
198	BUR-047	0	0	1	1
199	BUR-050	0	0	1	1
200	BUR-051	0	0	1	1
202	BUR-087	0	0	1	1
205	BUR-124	0	0	1	1
210	BUR-160	0	0	1	1
212	BUR-207	0	0	1	1
213	BUR-215	0	0	1	1
214	BUR-217	0	0	1	1
218	BUR-258	0	0	1	1
220	BUR-382	0	0	1	1
222	BUR-500	0	0	1	1
223	BUR-531	0	0	1	1
225	BUR-568	0	0	1	1
232	BUR-635	0	0	1	1
233	BUR-645	0	0	1	1
234	BUR-684	0	0	1	1
235	BUR-694	0	0	1	1
236	BUR-706	0	0	1	1
237	BUR-707	0	0	1	1
3139	Ba15	0	0	2	1
3143	Ba25	0	0	1	1
1965	Baku01	0	0	1	1
2955	Balikesir16653	0	0	1	1
2792	Balikesir16675	0	0	2	1
2814	Balikesir16790	0	0	1	1
3011	Balikesir17006	0	0	1	1
1925	Bar08	0	0	2	1
1928	Bar10	0	0	2	1
1934	Bar13	0	0	1	1
2945	Bishkek28442	0	0	1	1
2967	Bishkek28443	0	0	2	1
2969	Bishkek28445	0	0	1	1
2919	Bishkek28452	0	0	2	1
3020	Bishkek28454	0	0	1	1
2755	Bolivian39	0	0	2	1
2675	Bolivian41	0	0	2	1
2817	Bolivian46	0	0	1	1
2778	Bolivian62	0	0	2	1
2824	Bolivian71	0	0	2	1
2812	Bolivian72	0	0	2	1
2933	Bolivian81	0	0	2	1
2085	BulgarianA4	0	0	1	1
2095	BulgarianB4	0	0	1	1
2084	BulgarianD6	0	0	1	1
2160	BulgarianF2	0	0	2	1
2148	BulgarianH2	0	0	2	1
3474	Burm10	0	0	1	1
3476	Burm13	0	0	1	1
3478	Burm15	0	0	1	1
3471	Burm7	0	0	2	1
3472	Burm8	0	0	1	1
3820	CAR007	0	0	1	1
3823	CAR048	0	0	1	1
3824	CAR200	0	0	1	1
3825	CAR212	0	0	1	1
2641	CHI034	0	0	2	1
3830	COM032	0	0	1	1
2688	CRO103	0	0	1	1
2691	CRO107	0	0	1	1
2722	CRO41	0	0	1	1
2802	CRO48	0	0	1	1
2750	CRO66	0	0	1	1
2801	CYP19	0	0	1	1
2878	CYP2	0	0	1	1
2835	CYP5	0	0	1	1
2320	Chuvash22	0	0	1	1
2343	Chuvash25	0	0	1	1
2330	Chuvash26	0	0	1	1
2342	Chuvash29	0	0	1	1
2354	Chuvash31	0	0	1	1
2273	Chuvash33	0	0	1	1
2697	Ckrd13	0	0	2	1
917	Ckrd8	0	0	2	1
929	Ckrd9	0	0	2	1
2839	Cyprus13AJ19	0	0	1	1
2925	Cyprus21AJ19	0	0	1	1
2917	Cyprus22AJ19	0	0	2	1
2851	Cyprus24AJ19	0	0	1	1
2882	Cyprus2AJ19	0	0	1	1
241	DAG-123	0	0	1	1
242	DAG-124	0	0	1	1
243	DAG-127	0	0	1	1
245	DAG-147	0	0	1	1
247	DAG-160	0	0	1	1
252	DAG-183	0	0	1	1
254	DAG-205	0	0	1	1
255	DAG-206	0	0	1	1
258	DAG-213	0	0	1	1
259	DAG-225	0	0	1	1
262	DAG-325	0	0	1	1
264	DAG-336	0	0	1	1
267	DAG-371	0	0	1	1
269	DAG-376	0	0	1	1
270	DAG-388	0	0	1	1
272	DAG-400	0	0	1	1
275	DAG-461	0	0	1	1
277	DAG-477	0	0	1	1
278	DAG-485	0	0	1	1
283	DAG06-260	0	0	1	1
284	DAG06-261	0	0	1	1
286	DAG06-578	0	0	1	1
287	DAG06-786	0	0	1	1
290	DAG06-830	0	0	1	1
3282	DBA021	0	0	1	1
3348	DBB001	0	0	1	1
3356	DBB002	0	0	1	1
3274	DBB006	0	0	1	1
2642	DCH002	0	0	2	1
2644	DCH007	0	0	1	1
2645	DCH008	0	0	1	1
2647	DCH010	0	0	1	1
3351	DX1047	0	0	1	1
3359	DX1058	0	0	1	1
3363	DX1131	0	0	1	1
3355	DX1146	0	0	1	1
3339	DX1157	0	0	1	1
3347	DX1170	0	0	1	1
3343	DX1175	0	0	1	1
2278	Dolgan3185	0	0	2	1
3411	Dong007	0	0	1	1
3164	Dong02	0	0	1	1
3176	Dong08	0	0	1	1
3180	Dong09	0	0	1	1
3184	Dong10	0	0	2	1
3192	Dong14	0	0	2	1
3485	Dusun12	0	0	1	1
3487	Dusun21	0	0	2	1
3488	Dusun22	0	0	2	1
3489	Dusun23	0	0	2	1
3480	Dusun4	0	0	2	1
291	EV-004	0	0	1	1
294	EV-040	0	0	1	1
297	EV-052	0	0	1	1
300	EV-110	0	0	1	1
301	EV-114	0	0	1	1
303	EV-139	0	0	2	1
305	EV-148	0	0	1	1
306	EV-175	0	0	1	1
3379	EYG06	0	0	1	1
3105	EYG18	0	0	1	1
3395	EYG24	0	0	1	1
3319	EYG44	0	0	1	1
3315	EYG45	0	0	1	1
3391	EYG46	0	0	1	1
3307	EYG8	0	0	1	1
308	EZI-010	0	0	1	1
309	EZI-012	0	0	1	1
310	EZI-013	0	0	1	1
311	EZI-020	0	0	1	1
2152	Egypt11	0	0	1	1
2164	Egypt12	0	0	1	1
2838	Egypt1AQ172	0	0	1	1
3007	Egypt22TD21	0	0	1	1
2806	Egypt3AQ172	0	0	1	1
2864	Egypt5AQ172	0	0	1	1
2109	Egypt7	0	0	1	1
2932	Egypt7AQ172	0	0	1	1
2131	Egypt9	0	0	1	1
1938	End08	0	0	1	1
855	Esk20	0	0	1	1
2714	Esk22	0	0	1	1
867	Esk29	0	0	1	1
891	Esk38	0	0	2	1
2317	Est358	0	0	1	1
2282	Est375	0	0	1	1
2271	Est393	0	0	1	1
2352	Est394	0	0	1	1
2328	Est400	0	0	1	1
3834	FER007	0	0	1	1
3836	FER023	0	0	1	1
3837	FER033	0	0	1	1
3841	FER097	0	0	1	1
3845	FOR094	0	0	1	1
3432	French23812	0	0	1	1
3433	French23814	0	0	1	1
3434	French23821	0	0	2	1
3436	French23833	0	0	2	1
3438	French23915	0	0	1	1
3439	French23919	0	0	2	1
3442	French24061	0	0	1	1
3445	French24090	0	0	1	1
3452	French24247	0	0	2	1
3453	French24381	0	0	2	1
3455	French24408	0	0	2	1
3457	French24434	0	0	2	1
3459	French24690	0	0	0	1
3461	French25068	0	0	2	1
3677	G421	0	0	2	1
3678	G428	0	0	2	1
3679	G429	0	0	2	1
316	GAG-183	0	0	2	1
320	GAG-196	0	0	2	1
321	GAG-215	0	0	1	1
323	GAG-221	0	0	1	1
324	GAG-226	0	0	2	1
328	GEO-015	0	0	1	1
331	GEO-031	0	0	1	1
332	GEO-032	0	0	1	1
334	GEO-051	0	0	1	1
335	GEO-061	0	0	1	1
1975	GEO014	0	0	1	1
3060	GL02	0	0	1	1
3072	GL10	0	0	2	1
3084	GL16	0	0	2	1
3088	GL20	0	0	0	1
2742	GOR049	0	0	2	1
2672	GOR063	0	0	2	1
2700	GOR067	0	0	2	1
3847	GRA016	0	0	1	1
3849	GRA029	0	0	1	1
2823	GREEKGRALPOP10	0	0	1	1
2756	GREEKGRALPOP13	0	0	1	1
2760	GREEKGRALPOP15	0	0	1	1
2811	GREEKGRALPOP16	0	0	1	1
2803	GREEKGRALPOP17	0	0	1	1
2766	GREEKGRALPOP5	0	0	1	1
2773	GREEKGRALPOP9	0	0	1	1
3852	GUL190	0	0	1	1
3853	GUS007	0	0	1	1
3855	GUS014	0	0	1	1
3856	GUS029	0	0	1	1
3857	GUS036	0	0	1	1
3858	GUS040	0	0	1	1
3860	GUS199	0	0	1	1
3862	GUS203	0	0	1	1
3102	Gu18	0	0	2	1
3106	Gu22	0	0	1	1
3109	Gu24	0	0	1	1
3113	Gu26	0	0	1	1
2459	HG00104	0	0	2	1
2509	HG00126	0	0	1	1
2576	HG00160	0	0	1	1
2503	HG00171	0	0	2	1
2510	HG00173	0	0	2	1
2504	HG00174	0	0	2	1
2512	HG00182	0	0	1	1
2508	HG00183	0	0	1	1
2505	HG00190	0	0	1	1
2468	HG00232	0	0	2	1
2466	HG00233	0	0	2	1
2467	HG00234	0	0	1	1
2506	HG00266	0	0	2	1
2469	HG01500	0	0	1	1
2470	HG01501	0	0	2	1
2471	HG01503	0	0	1	1
2474	HG01507	0	0	2	1
2475	HG01509	0	0	1	1
2476	HG01510	0	0	2	1
2480	HG01516	0	0	2	1
2482	HG01524	0	0	1	1
2484	HG01528	0	0	2	1
2485	HG01530	0	0	1	1
2540	HG01596	0	0	1	1
2542	HG01598	0	0	2	1
2489	HG01606	0	0	1	1
2490	HG01607	0	0	2	1
2496	HG01619	0	0	1	1
2497	HG01620	0	0	2	1
2528	HG01673	0	0	2	1
2515	HG01675	0	0	1	1
2521	HG01676	0	0	2	1
2545	HG01678	0	0	1	1
2516	HG01680	0	0	1	1
2525	HG01685	0	0	2	1
2547	HG01697	0	0	2	1
2527	HG01704	0	0	2	1
2523	HG01705	0	0	1	1
2524	HG01707	0	0	2	1
2514	HG01746	0	0	2	1
2513	HG01747	0	0	1	1
2531	HG01761	0	0	1	1
2533	HG01762	0	0	2	1
2535	HG01842	0	0	1	1
2537	HG01846	0	0	1	1
2585	HG02464	0	0	1	1
2603	HG02465	0	0	2	1
2597	HG02570	0	0	1	1
2581	HG02571	0	0	2	1
2590	HG02573	0	0	1	1
2584	HG02574	0	0	2	1
2607	HG02601	0	0	2	1
2548	HG02687	0	0	1	1
2551	HG02688	0	0	2	1
2552	HG02724	0	0	1	1
2550	HG02783	0	0	1	1
2606	HG02790	0	0	2	1
2587	HG02922	0	0	2	1
2586	HG02943	0	0	2	1
2578	HG03006	0	0	1	1
2577	HG03007	0	0	2	1
2612	HG03009	0	0	1	1
2614	HG03012	0	0	1	1
2598	HG03052	0	0	2	1
2594	HG03057	0	0	1	1
2610	HG03069	0	0	1	1
2609	HG03072	0	0	1	1
2599	HG03076	0	0	2	1
2592	HG03078	0	0	1	1
2582	HG03085	0	0	2	1
2593	HG03097	0	0	2	1
2595	HG03099	0	0	2	1
2583	HG03100	0	0	1	1
2596	HG03108	0	0	2	1
2613	HG03585	0	0	1	1
2611	HG03589	0	0	2	1
2579	HG03793	0	0	2	1
942	HGDP00001	0	0	1	1
944	HGDP00005	0	0	1	1
945	HGDP00007	0	0	1	1
948	HGDP00015	0	0	1	1
950	HGDP00019	0	0	1	1
952	HGDP00023	0	0	1	1
954	HGDP00027	0	0	1	1
956	HGDP00031	0	0	1	1
957	HGDP00033	0	0	1	1
959	HGDP00037	0	0	1	1
963	HGDP00045	0	0	1	1
966	HGDP00052	0	0	1	1
970	HGDP00058	0	0	1	1
972	HGDP00062	0	0	1	1
973	HGDP00064	0	0	1	1
975	HGDP00068	0	0	1	1
980	HGDP00078	0	0	1	1
981	HGDP00080	0	0	1	1
983	HGDP00086	0	0	1	1
988	HGDP00096	0	0	1	1
989	HGDP00098	0	0	1	1
990	HGDP00099	0	0	1	1
996	HGDP00106	0	0	1	1
998	HGDP00109	0	0	1	1
999	HGDP00110	0	0	1	1
1003	HGDP00118	0	0	1	1
1010	HGDP00127	0	0	1	1
1013	HGDP00131	0	0	1	1
1014	HGDP00133	0	0	1	1
1015	HGDP00134	0	0	1	1
1017	HGDP00136	0	0	1	1
1020	HGDP00140	0	0	1	1
1021	HGDP00141	0	0	1	1
1023	HGDP00144	0	0	1	1
1024	HGDP00145	0	0	1	1
1025	HGDP00146	0	0	1	1
1026	HGDP00148	0	0	1	1
1031	HGDP00154	0	0	2	1
1034	HGDP00158	0	0	1	1
1036	HGDP00161	0	0	1	1
1040	HGDP00169	0	0	1	1
1041	HGDP00171	0	0	1	1
1046	HGDP00181	0	0	1	1
1049	HGDP00187	0	0	1	1
1053	HGDP00195	0	0	2	1
1057	HGDP00205	0	0	1	1
1058	HGDP00206	0	0	2	1
1060	HGDP00210	0	0	2	1
1061	HGDP00213	0	0	1	1
1064	HGDP00218	0	0	1	1
1065	HGDP00222	0	0	1	1
1068	HGDP00228	0	0	1	1
1076	HGDP00244	0	0	2	1
1078	HGDP00248	0	0	1	1
1081	HGDP00258	0	0	1	1
1082	HGDP00259	0	0	1	1
1089	HGDP00285	0	0	1	1
1090	HGDP00286	0	0	2	1
1094	HGDP00302	0	0	1	1
1098	HGDP00315	0	0	1	1
1100	HGDP00323	0	0	2	1
1105	HGDP00338	0	0	2	1
1110	HGDP00359	0	0	1	1
1112	HGDP00371	0	0	2	1
1113	HGDP00372	0	0	1	1
1115	HGDP00382	0	0	1	1
1116	HGDP00388	0	0	1	1
1119	HGDP00402	0	0	1	1
1120	HGDP00407	0	0	1	1
1123	HGDP00423	0	0	1	1
1124	HGDP00428	0	0	1	1
1133	HGDP00454	0	0	1	1
1137	HGDP00458	0	0	1	1
1140	HGDP00461	0	0	1	1
1142	HGDP00463	0	0	1	1
1143	HGDP00464	0	0	1	1
1144	HGDP00465	0	0	1	1
1146	HGDP00467	0	0	1	1
1147	HGDP00469	0	0	1	1
1151	HGDP00473	0	0	1	1
1152	HGDP00474	0	0	1	1
1153	HGDP00475	0	0	1	1
1155	HGDP00478	0	0	1	1
1160	HGDP00513	0	0	2	1
1161	HGDP00514	0	0	2	1
1163	HGDP00516	0	0	2	1
1164	HGDP00517	0	0	2	1
1165	HGDP00518	0	0	1	1
1169	HGDP00522	0	0	1	1
1172	HGDP00525	0	0	1	1
1173	HGDP00526	0	0	2	1
1175	HGDP00528	0	0	1	1
1176	HGDP00529	0	0	2	1
1178	HGDP00531	0	0	2	1
1179	HGDP00533	0	0	1	1
1184	HGDP00538	0	0	1	1
1185	HGDP00539	0	0	2	1
1186	HGDP00540	0	0	1	1
1192	HGDP00546	0	0	1	1
1193	HGDP00547	0	0	1	1
1194	HGDP00548	0	0	1	1
1195	HGDP00549	0	0	1	1
1196	HGDP00550	0	0	0	1
1198	HGDP00552	0	0	2	1
1199	HGDP00553	0	0	1	1
1201	HGDP00555	0	0	1	1
1202	HGDP00556	0	0	1	1
1245	HGDP00607	0	0	2	1
1246	HGDP00608	0	0	1	1
1252	HGDP00614	0	0	2	1
1256	HGDP00619	0	0	1	1
1259	HGDP00622	0	0	1	1
1260	HGDP00623	0	0	1	1
1263	HGDP00626	0	0	1	1
1266	HGDP00629	0	0	1	1
1268	HGDP00631	0	0	1	1
1270	HGDP00634	0	0	2	1
1271	HGDP00635	0	0	2	1
1272	HGDP00636	0	0	2	1
1274	HGDP00638	0	0	2	1
1276	HGDP00640	0	0	1	1
1277	HGDP00641	0	0	1	1
1278	HGDP00642	0	0	1	1
1279	HGDP00643	0	0	2	1
1280	HGDP00644	0	0	1	1
1281	HGDP00645	0	0	1	1
1282	HGDP00646	0	0	2	1
1283	HGDP00647	0	0	2	1
1284	HGDP00648	0	0	1	1
1288	HGDP00653	0	0	2	1
1289	HGDP00654	0	0	1	1
1295	HGDP00663	0	0	2	1
1296	HGDP00664	0	0	2	1
1298	HGDP00666	0	0	1	1
1299	HGDP00667	0	0	2	1
1300	HGDP00668	0	0	1	1
1302	HGDP00670	0	0	1	1
1304	HGDP00672	0	0	2	1
1307	HGDP00675	0	0	1	1
1312	HGDP00680	0	0	2	1
1315	HGDP00684	0	0	2	1
1316	HGDP00685	0	0	2	1
1317	HGDP00686	0	0	2	1
1318	HGDP00687	0	0	2	1
1322	HGDP00691	0	0	2	1
1326	HGDP00696	0	0	2	1
1328	HGDP00698	0	0	2	1
1330	HGDP00700	0	0	2	1
1331	HGDP00701	0	0	2	1
1338	HGDP00713	0	0	2	1
1339	HGDP00714	0	0	1	1
1340	HGDP00715	0	0	1	1
1341	HGDP00716	0	0	1	1
1342	HGDP00717	0	0	1	1
1343	HGDP00719	0	0	2	1
1344	HGDP00720	0	0	1	1
1345	HGDP00721	0	0	2	1
1348	HGDP00724	0	0	1	1
1351	HGDP00727	0	0	1	1
1354	HGDP00731	0	0	1	1
1357	HGDP00734	0	0	1	1
1358	HGDP00735	0	0	2	1
1360	HGDP00737	0	0	2	1
1367	HGDP00747	0	0	1	1
1370	HGDP00750	0	0	1	1
1371	HGDP00751	0	0	1	1
1372	HGDP00752	0	0	1	1
1373	HGDP00753	0	0	1	1
1374	HGDP00754	0	0	2	1
1379	HGDP00759	0	0	1	1
1381	HGDP00761	0	0	2	1
1382	HGDP00762	0	0	1	1
1383	HGDP00763	0	0	1	1
1386	HGDP00766	0	0	1	1
1388	HGDP00768	0	0	1	1
1389	HGDP00769	0	0	1	1
1392	HGDP00773	0	0	2	1
1393	HGDP00774	0	0	1	1
1395	HGDP00776	0	0	2	1
1396	HGDP00777	0	0	1	1
1401	HGDP00782	0	0	1	1
1403	HGDP00784	0	0	2	1
1409	HGDP00791	0	0	1	1
1411	HGDP00796	0	0	2	1
1413	HGDP00798	0	0	1	1
1414	HGDP00799	0	0	2	1
1415	HGDP00800	0	0	2	1
1417	HGDP00803	0	0	1	1
1420	HGDP00807	0	0	1	1
1421	HGDP00808	0	0	1	1
1422	HGDP00810	0	0	1	1
1427	HGDP00815	0	0	1	1
1429	HGDP00818	0	0	2	1
1430	HGDP00819	0	0	1	1
1431	HGDP00820	0	0	2	1
1433	HGDP00822	0	0	1	1
1439	HGDP00845	0	0	1	1
1441	HGDP00849	0	0	1	1
1442	HGDP00852	0	0	0	1
1444	HGDP00855	0	0	2	1
1446	HGDP00857	0	0	2	1
1448	HGDP00859	0	0	2	1
1451	HGDP00862	0	0	2	1
1455	HGDP00868	0	0	2	1
1456	HGDP00869	0	0	2	1
1459	HGDP00872	0	0	2	1
1460	HGDP00873	0	0	2	1
1461	HGDP00875	0	0	2	1
1464	HGDP00879	0	0	1	1
1467	HGDP00882	0	0	1	1
1468	HGDP00883	0	0	1	1
1470	HGDP00887	0	0	1	1
1471	HGDP00888	0	0	1	1
1473	HGDP00890	0	0	1	1
1474	HGDP00891	0	0	1	1
1475	HGDP00892	0	0	1	1
1477	HGDP00894	0	0	1	1
1479	HGDP00896	0	0	1	1
1480	HGDP00897	0	0	1	1
1482	HGDP00899	0	0	2	1
1487	HGDP00904	0	0	1	1
1489	HGDP00906	0	0	1	1
1491	HGDP00908	0	0	1	1
1493	HGDP00910	0	0	2	1
1498	HGDP00915	0	0	2	1
1499	HGDP00917	0	0	2	1
1501	HGDP00920	0	0	2	1
1502	HGDP00924	0	0	2	1
1504	HGDP00926	0	0	2	1
1506	HGDP00928	0	0	2	1
1511	HGDP00933	0	0	2	1
1514	HGDP00936	0	0	1	1
1517	HGDP00939	0	0	2	1
1518	HGDP00940	0	0	1	1
1519	HGDP00941	0	0	1	1
1521	HGDP00943	0	0	1	1
1525	HGDP00947	0	0	1	1
1529	HGDP00951	0	0	1	1
1530	HGDP00952	0	0	1	1
1534	HGDP00956	0	0	2	1
1536	HGDP00958	0	0	1	1
1538	HGDP00960	0	0	1	1
1546	HGDP00968	0	0	1	1
1549	HGDP00971	0	0	1	1
1551	HGDP00973	0	0	1	1
1553	HGDP00975	0	0	2	1
1554	HGDP00976	0	0	2	1
1555	HGDP00977	0	0	1	1
1559	HGDP00986	0	0	1	1
1560	HGDP00987	0	0	1	1
1561	HGDP00991	0	0	1	1
1562	HGDP00992	0	0	1	1
1563	HGDP00993	0	0	1	1
1568	HGDP01001	0	0	2	1
1570	HGDP01006	0	0	2	1
1572	HGDP01012	0	0	1	1
1573	HGDP01013	0	0	1	1
1574	HGDP01014	0	0	0	1
1575	HGDP01015	0	0	1	1
1576	HGDP01018	0	0	2	1
1578	HGDP01021	0	0	2	1
1579	HGDP01023	0	0	2	1
1580	HGDP01024	0	0	2	1
1582	HGDP01028	0	0	1	1
1586	HGDP01032	0	0	1	1
1589	HGDP01035	0	0	1	1
1590	HGDP01036	0	0	1	1
1592	HGDP01041	0	0	2	1
1593	HGDP01043	0	0	1	1
1594	HGDP01044	0	0	0	1
1596	HGDP01050	0	0	1	1
1597	HGDP01051	0	0	0	1
1598	HGDP01053	0	0	2	1
1599	HGDP01055	0	0	1	1
1603	HGDP01059	0	0	1	1
1604	HGDP01060	0	0	1	1
1605	HGDP01062	0	0	2	1
1606	HGDP01063	0	0	1	1
1607	HGDP01064	0	0	2	1
1609	HGDP01066	0	0	1	1
1614	HGDP01071	0	0	1	1
1617	HGDP01074	0	0	2	1
1622	HGDP01079	0	0	1	1
1623	HGDP01081	0	0	1	1
1626	HGDP01094	0	0	1	1
1627	HGDP01095	0	0	1	1
1629	HGDP01097	0	0	1	1
1630	HGDP01098	0	0	2	1
1632	HGDP01100	0	0	1	1
1633	HGDP01101	0	0	1	1
1634	HGDP01102	0	0	1	1
1635	HGDP01103	0	0	1	1
1639	HGDP01151	0	0	1	1
1640	HGDP01152	0	0	1	1
1642	HGDP01155	0	0	1	1
1643	HGDP01156	0	0	2	1
1644	HGDP01157	0	0	0	1
1645	HGDP01161	0	0	1	1
1646	HGDP01162	0	0	1	1
1649	HGDP01166	0	0	1	1
1652	HGDP01169	0	0	2	1
1653	HGDP01171	0	0	2	1
1656	HGDP01174	0	0	1	1
1658	HGDP01179	0	0	1	1
1660	HGDP01181	0	0	1	1
1662	HGDP01183	0	0	1	1
1663	HGDP01184	0	0	1	1
1664	HGDP01185	0	0	1	1
1668	HGDP01189	0	0	1	1
1669	HGDP01190	0	0	1	1
1672	HGDP01193	0	0	1	1
1673	HGDP01194	0	0	1	1
1681	HGDP01202	0	0	1	1
1688	HGDP01209	0	0	2	1
1689	HGDP01211	0	0	2	1
1690	HGDP01212	0	0	2	1
1691	HGDP01213	0	0	1	1
1692	HGDP01214	0	0	1	1
1693	HGDP01215	0	0	2	1
1695	HGDP01217	0	0	1	1
1702	HGDP01225	0	0	1	1
1704	HGDP01227	0	0	1	1
1710	HGDP01233	0	0	1	1
1711	HGDP01234	0	0	2	1
1713	HGDP01237	0	0	1	1
1714	HGDP01238	0	0	2	1
1715	HGDP01239	0	0	1	1
1716	HGDP01240	0	0	1	1
1718	HGDP01242	0	0	2	1
1729	HGDP01254	0	0	2	1
1730	HGDP01255	0	0	1	1
1732	HGDP01257	0	0	1	1
1733	HGDP01258	0	0	1	1
1734	HGDP01259	0	0	1	1
1737	HGDP01262	0	0	1	1
1738	HGDP01263	0	0	1	1
1741	HGDP01268	0	0	1	1
1748	HGDP01275	0	0	2	1
1749	HGDP01276	0	0	2	1
1750	HGDP01277	0	0	2	1
1751	HGDP01278	0	0	1	1
1753	HGDP01280	0	0	2	1
1755	HGDP01283	0	0	1	1
1758	HGDP01286	0	0	1	1
1759	HGDP01287	0	0	2	1
1766	HGDP01294	0	0	1	1
1773	HGDP01301	0	0	1	1
1775	HGDP01303	0	0	1	1
1776	HGDP01304	0	0	1	1
1779	HGDP01307	0	0	1	1
1780	HGDP01308	0	0	1	1
1781	HGDP01309	0	0	1	1
1783	HGDP01311	0	0	1	1
1788	HGDP01316	0	0	2	1
1793	HGDP01321	0	0	1	1
1794	HGDP01322	0	0	1	1
1796	HGDP01326	0	0	1	1
1798	HGDP01328	0	0	1	1
1800	HGDP01330	0	0	1	1
1801	HGDP01331	0	0	1	1
1802	HGDP01332	0	0	1	1
1803	HGDP01333	0	0	1	1
1806	HGDP01336	0	0	2	1
1809	HGDP01339	0	0	1	1
1812	HGDP01342	0	0	1	1
1813	HGDP01344	0	0	1	1
1814	HGDP01345	0	0	2	1
1816	HGDP01347	0	0	1	1
1817	HGDP01348	0	0	1	1
1818	HGDP01349	0	0	1	1
1821	HGDP01352	0	0	1	1
1824	HGDP01355	0	0	2	1
1829	HGDP01360	0	0	1	1
1832	HGDP01364	0	0	1	1
1834	HGDP01366	0	0	2	1
1835	HGDP01367	0	0	2	1
1838	HGDP01370	0	0	1	1
1842	HGDP01374	0	0	1	1
1843	HGDP01375	0	0	1	1
1845	HGDP01378	0	0	1	1
1846	HGDP01379	0	0	1	1
1848	HGDP01381	0	0	2	1
1850	HGDP01383	0	0	1	1
1852	HGDP01385	0	0	1	1
1853	HGDP01386	0	0	2	1
1861	HGDP01401	0	0	2	1
1862	HGDP01402	0	0	1	1
1863	HGDP01403	0	0	1	1
1865	HGDP01405	0	0	1	1
1867	HGDP01408	0	0	1	1
1873	HGDP01417	0	0	1	1
1874	HGDP01418	0	0	1	1
1875	HGDP01419	0	0	1	1
3369	HN1-218	0	0	1	1
3365	HN1-232	0	0	1	1
3357	HN1-243	0	0	1	1
3377	HN1-260	0	0	1	1
3174	Han115	0	0	1	1
3035	Han1207	0	0	1	1
3067	Han1226	0	0	1	1
3071	Han1243	0	0	1	1
3142	Han1329	0	0	1	1
3043	Han1415	0	0	1	1
3401	Han1619	0	0	1	1
3206	Han1709	0	0	1	1
3075	Han1713	0	0	1	1
3079	Han1714	0	0	1	1
3150	Han1840	0	0	1	1
3190	Han1843	0	0	1	1
3154	Han1896	0	0	1	1
3198	Han1899	0	0	1	1
3405	Han1900	0	0	1	1
3158	Han1916	0	0	1	1
3254	Han192	0	0	1	1
3389	Han1968	0	0	1	1
3202	Han1970	0	0	1	1
3162	Han1978	0	0	1	1
3031	Han1994	0	0	1	1
3118	Han2058	0	0	1	1
3126	Han2090	0	0	1	1
3218	Han2145	0	0	1	1
3222	Han2147	0	0	1	1
3226	Han2151	0	0	1	1
3166	Han24	0	0	1	1
3134	Han25	0	0	1	1
3258	Han278	0	0	1	1
3130	Han4	0	0	1	1
3170	Han496	0	0	1	1
3083	Han788	0	0	1	1
3087	Han789	0	0	1	1
3138	Han853	0	0	1	1
3063	Han894	0	0	1	1
2106	HungarianC5	0	0	1	1
2161	HungarianD1	0	0	1	1
2117	HungarianE5	0	0	1	1
338	ING-1154	0	0	1	1
340	ING-1168	0	0	1	1
343	ING-1177	0	0	1	1
345	ING-1179	0	0	1	1
346	ING-1206	0	0	1	1
347	ING-1330	0	0	1	1
3511	ITS4	0	0	2	1
3512	ITS5	0	0	2	1
3513	ITS7	0	0	1	1
3504	Igorot10	0	0	2	1
3505	Igorot11	0	0	1	1
3507	Igorot17	0	0	0	1
3500	Igorot3	0	0	2	1
3501	Igorot4	0	0	2	1
3503	Igorot6	0	0	2	1
3015	Istanbul19708	0	0	2	1
2961	Istanbul25081	0	0	1	1
2992	Istanbul25098	0	0	1	1
3191	J33	0	0	2	1
3050	J9	0	0	2	1
2147	Jordan307	0	0	1	1
2169	Jordan384	0	0	1	1
2093	Jordan543	0	0	1	1
2136	Jordan603	0	0	1	1
2126	Jordan62	0	0	1	1
357	KAR-005	0	0	1	1
359	KAR-009	0	0	1	1
360	KAR-030	0	0	1	1
362	KAR-046	0	0	1	1
364	KAR-056	0	0	1	1
369	KAR-105	0	0	1	1
371	KAR-111	0	0	1	1
374	KAR-165	0	0	1	1
375	KAR-167	0	0	1	1
378	KAR-184	0	0	1	1
380	KAR-190	0	0	1	1
381	KAR-193	0	0	1	1
384	KCHE-1283	0	0	1	1
390	KCHE-1436	0	0	1	1
393	KCHE-1497	0	0	1	1
394	KCHE-1526	0	0	1	1
397	KCHE-1552	0	0	1	1
399	KCHE-1560	0	0	1	1
400	KHS-001	0	0	1	1
407	KHS-034	0	0	1	1
409	KHS-036	0	0	1	1
410	KHS-049	0	0	1	1
432	KKA-004	0	0	1	1
436	KKA-012	0	0	1	1
437	KKA-014	0	0	1	1
438	KKA-016	0	0	1	1
439	KKA-019	0	0	1	1
440	KKA-023	0	0	1	1
441	KKA-027	0	0	1	1
442	KKA-040	0	0	1	1
443	KKA-042	0	0	1	1
449	KRD-31	0	0	1	1
452	KRD-45	0	0	2	1
446	KRD-5	0	0	2	1
3128	KZ15	0	0	1	1
3303	KZ22	0	0	1	1
3287	KZ46	0	0	2	1
3136	KZ52	0	0	1	1
3120	KZ78	0	0	1	1
3291	KZ81	0	0	1	1
3295	KZ87	0	0	1	1
456	KZH-1611	0	0	1	1
458	KZH-1629	0	0	1	1
461	KZH-1680	0	0	1	1
463	KZH-1696	0	0	1	1
464	KZH-1708	0	0	1	1
467	KZH-1724	0	0	1	1
469	KZH-1730	0	0	1	1
470	KZH-1735	0	0	1	1
471	KZH-1750	0	0	1	1
352	Kab-18	0	0	1	1
355	Kab-26	0	0	1	1
348	Kab-5	0	0	1	1
3002	Kayseri23271	0	0	2	1
2990	Kayseri23892	0	0	1	1
2996	Kayseri24032	0	0	1	1
2931	Kayseri24075	0	0	1	1
3013	Kayseri24276	0	0	2	1
2959	Kayseri24402	0	0	2	1
404	Khs-010	0	0	1	1
411	Khs-119	0	0	1	1
413	Khs-190	0	0	1	1
414	Khs-301	0	0	1	1
419	Khs-308	0	0	1	1
420	Khs-309	0	0	1	1
421	Khs-402	0	0	1	1
424	Khs-422	0	0	1	1
428	Khs-491	0	0	1	1
429	Khs-493	0	0	1	1
430	Khs-513	0	0	1	1
2718	Kor2	0	0	2	1
2719	Kor22	0	0	1	1
868	Kor30	0	0	1	1
892	Kor40	0	0	2	1
928	Kor57	0	0	1	1
2754	Kor76	0	0	2	1
2795	Kor78	0	0	2	1
2694	Kusunda01	0	0	1	1
2731	Kusunda02	0	0	1	1
2703	Kusunda03	0	0	1	1
2677	Kusunda10	0	0	1	1
2689	Kusunda11	0	0	2	1
2799	Kusunda12	0	0	2	1
3152	LS001	0	0	1	1
3412	Lebanese1AQ127	0	0	1	1
3428	Lebanese20AR21	0	0	2	1
3429	Lebanese22BA23	0	0	2	1
3430	Lebanese24AR27	0	0	1	1
3414	Lebanese2AQ121	0	0	2	1
3415	Lebanese2AQ127	0	0	1	1
3431	Lebanese30AR21	0	0	1	1
3418	Lebanese6AQ170	0	0	1	1
3420	Lebanese7AQ150	0	0	1	1
3421	Lebanese7AR20	0	0	1	1
3423	Lebanese8AS15	0	0	1	1
2144	Lebanon2	0	0	1	1
2155	Lebanon3	0	0	1	1
2124	Lebanon8	0	0	1	1
2087	LithuanianF1	0	0	2	1
3529	Luz2	0	0	2	1
3530	Luz5	0	0	2	1
3	MAL-011	0	0	1	1
6	MAL-015	0	0	1	1
11	MAL-025	0	0	1	1
13	MAL-028	0	0	1	1
14	MAL-032	0	0	1	1
15	MAL-043	0	0	1	1
19	MAL-058	0	0	1	1
20	MAL-059	0	0	1	1
21	MAL-065	0	0	1	1
24	MAL-079	0	0	1	1
25	MAL-097	0	0	1	1
27	MAL-101	0	0	1	1
28	MAL-112	0	0	1	1
29	MAL-122	0	0	1	1
30	MAL-124	0	0	1	1
32	MAL-196	0	0	1	1
34	MAL-206	0	0	1	1
3863	MAS003	0	0	1	1
3865	MAS064	0	0	1	1
3866	MAY035	0	0	1	1
3549	MCA16	0	0	1	1
3550	MCA19	0	0	1	1
3552	MCA37	0	0	1	1
838	MC_06	0	0	2	1
826	MC_08	0	0	2	1
822	MC_15	0	0	2	1
839	MC_38	0	0	1	1
3867	MEL022	0	0	1	1
3868	MIQ133	0	0	1	1
475	MOE-001	0	0	1	1
476	MOE-002	0	0	1	1
478	MOE-014	0	0	1	1
483	MOE-043	0	0	1	1
484	MOE-045	0	0	1	1
485	MOE-433	0	0	1	1
487	MOE-450	0	0	1	1
490	MOE-455	0	0	1	1
491	MOE-475	0	0	1	1
492	MOE-485	0	0	1	1
493	MOE-491	0	0	1	1
496	MOE-497	0	0	1	1
497	MOL-005	0	0	1	1
498	MOL-008	0	0	1	1
499	MOL-015	0	0	1	1
500	MOL-024	0	0	1	1
501	MOL-058	0	0	1	1
509	MON-0045	0	0	1	1
510	MON-0078	0	0	1	1
511	MON-0089	0	0	1	1
512	MON-0165	0	0	1	1
513	MON-0209	0	0	1	1
516	MON-0281	0	0	1	1
517	MON-0292	0	0	1	1
520	MON-0312	0	0	1	1
521	MON-0328	0	0	1	1
525	MON-0352	0	0	1	1
528	MON-0423	0	0	1	1
535	MON-0465	0	0	1	1
539	MON-558	0	0	1	1
3869	MOR061	0	0	1	1
3872	MST075	0	0	1	1
3094	Ma07	0	0	2	1
3082	Ma11	0	0	1	1
3086	Ma30	0	0	1	1
3078	Ma41	0	0	1	1
3539	Malay10	0	0	1	1
3540	Malay11	0	0	1	1
3542	Malay14	0	0	2	1
3544	Malay21	0	0	2	1
3538	Malay6	0	0	1	1
2921	Malta12AM91	0	0	1	1
2843	Malta15AM91	0	0	1	1
2829	Malta16AM91	0	0	1	1
2786	Malta17AM91	0	0	1	1
2827	Malta2AM91	0	0	1	1
2673	Malta4AM91	0	0	1	1
2725	Malta7AM91	0	0	1	1
2674	Malta8AM91	0	0	1	1
2949	Mansi43	0	0	2	1
3016	Mansi56	0	0	1	1
2879	Mansi76	0	0	1	1
2973	Mansi79	0	0	1	1
2914	Mansi94	0	0	1	1
2664	Mixa0002	0	0	2	1
2668	Mixa0087	0	0	2	1
2319	Mordovians1	0	0	1	1
2272	Mordovians27	0	0	1	1
2284	Mordovians28	0	0	1	1
2296	Mordovians30	0	0	1	1
2307	Mordovians31	0	0	1	1
2306	Mordovians4	0	0	1	1
3563	Murut15	0	0	2	1
3556	Murut3	0	0	1	1
3557	Murut4	0	0	2	1
3558	Murut5	0	0	1	1
3559	Murut6	0	0	1	1
2406	NA00726	0	0	2	1
2375	NA13597	0	0	1	1
2386	NA13598	0	0	1	1
2427	NA13602	0	0	1	1
2437	NA13603	0	0	1	1
2448	NA13604	0	0	1	1
2408	NA13608	0	0	1	1
2418	NA13609	0	0	1	1
2438	NA13611	0	0	1	1
2449	NA13612	0	0	1	1
2399	NA13615	0	0	1	1
2440	NA15200	0	0	1	1
2378	NA15202	0	0	1	1
2389	NA15203	0	0	2	1
2410	NA15205	0	0	1	1
2430	NA15207	0	0	2	1
2441	NA15208	0	0	1	1
2379	NA15725	0	0	1	1
2411	NA15728	0	0	1	1
2431	NA15730	0	0	2	1
2442	NA15731	0	0	2	1
2452	NA15732	0	0	2	1
2412	NA15757	0	0	1	1
2422	NA15758	0	0	1	1
2443	NA15760	0	0	1	1
2453	NA15761	0	0	2	1
2392	NA15763	0	0	2	1
2413	NA15765	0	0	2	1
2393	NA17374	0	0	1	1
2404	NA17375	0	0	2	1
2414	NA17376	0	0	1	1
2000	NA18501	0	0	1	1
2002	NA18504	0	0	1	1
2003	NA18505	0	0	2	1
2006	NA18508	0	0	2	1
2008	NA18516	0	0	1	1
2009	NA18517	0	0	2	1
2011	NA18522	0	0	1	1
2016	NA18855	0	0	2	1
2017	NA18856	0	0	1	1
2020	NA18859	0	0	1	1
2026	NA18871	0	0	1	1
2575	NA19020	0	0	1	1
2605	NA19026	0	0	1	1
2032	NA19093	0	0	2	1
2037	NA19101	0	0	1	1
2041	NA19119	0	0	1	1
2044	NA19128	0	0	1	1
2049	NA19137	0	0	2	1
2053	NA19141	0	0	1	1
2055	NA19143	0	0	2	1
2059	NA19160	0	0	1	1
2061	NA19171	0	0	1	1
2073	NA19207	0	0	1	1
2076	NA19210	0	0	1	1
2081	NA19238	0	0	2	1
2082	NA19239	0	0	1	1
2555	NA20847	0	0	2	1
2574	NA20862	0	0	2	1
2563	NA20866	0	0	1	1
2558	NA20882	0	0	2	1
2568	NA20903	0	0	1	1
2569	NA20904	0	0	1	1
2560	NA20910	0	0	2	1
2573	NA21097	0	0	2	1
2571	NA21116	0	0	1	1
2572	NA21123	0	0	1	1
2425	NA21310	0	0	2	1
2446	NA21425	0	0	2	1
2384	NA21487	0	0	2	1
2395	NA21490	0	0	1	1
2416	NA21581	0	0	1	1
2426	NA21648	0	0	1	1
3873	NAC135	0	0	1	1
2436	ND13299	0	0	1	1
2447	ND14916	0	0	2	1
2457	ND15143	0	0	2	1
2385	ND19394	0	0	1	1
2396	ND22219	0	0	1	1
547	NOG-125	0	0	1	1
548	NOG-127	0	0	1	1
549	NOG-129	0	0	1	1
542	NOG-17	0	0	1	1
552	NOG-217	0	0	1	1
553	NOG-220	0	0	1	1
555	NOG-263	0	0	1	1
556	NOG-357	0	0	1	1
2728	NOR101	0	0	1	1
2721	NOR106	0	0	1	1
2770	NOR109	0	0	1	1
2684	NOR119	0	0	1	1
2687	NOR124	0	0	1	1
2740	NOR146	0	0	1	1
3104	Ne08	0	0	1	1
3092	Ne41	0	0	1	1
3141	Ne66	0	0	1	1
912	Nel15	0	0	2	1
935	Nel17	0	0	1	1
853	Nel19	0	0	1	1
843	Nesk_23	0	0	1	1
816	Nesk_25	0	0	2	1
925	Nlk10	0	0	2	1
936	Nlk14	0	0	1	1
854	Nlk16	0	0	2	1
866	Nlk18	0	0	1	1
889	Nlk5	0	0	2	1
2230	NorthOssetia12	0	0	1	1
2242	NorthOssetia14	0	0	1	1
2253	NorthOssetia17	0	0	1	1
2174	NorthOssetia19	0	0	1	1
827	Nov_005	0	0	1	1
557	OCE-058	0	0	1	1
558	OCE-155	0	0	1	1
559	OCE-160	0	0	1	1
3875	PON058	0	0	1	1
3462	PV001	0	0	1	1
3463	PV002	0	0	1	1
3467	PV006	0	0	1	1
3469	PV008	0	0	1	1
3522	PV012	0	0	1	1
3523	PV013	0	0	1	1
3526	PV016	0	0	1	1
3528	PV018	0	0	1	1
3494	PV023	0	0	1	1
3495	PV024	0	0	1	1
3496	PV025	0	0	1	1
3497	PV026	0	0	1	1
3498	PV027	0	0	1	1
3567	PV031	0	0	1	1
3568	PV032	0	0	1	1
3569	PV033	0	0	1	1
3570	PV034	0	0	1	1
3572	PV036	0	0	1	1
3573	PV037	0	0	1	1
3215	QH1	0	0	1	1
3231	QH10	0	0	1	1
3330	QH11	0	0	1	1
3371	QH12	0	0	1	1
3247	QH14	0	0	1	1
3338	QH15	0	0	1	1
3251	QH17	0	0	1	1
3350	QH20	0	0	1	1
3322	QH4	0	0	1	1
3326	QH8	0	0	1	1
3243	QH9	0	0	1	1
3876	RAG111	0	0	1	1
3879	RIC106	0	0	1	1
3880	ROB016	0	0	1	1
3883	ROI027	0	0	1	1
3884	ROI042	0	0	1	1
3886	ROS005	0	0	1	1
3887	ROS008	0	0	1	1
598	RPin-145	0	0	1	1
628	RYAR-173	0	0	1	1
3133	Rai14	0	0	1	1
3121	Rai16	0	0	2	1
563	Rakr-203	0	0	1	1
564	Rakr-205	0	0	1	1
567	Rakr-341	0	0	1	1
568	Rakr-345	0	0	1	1
569	Rakrlsh-002	0	0	1	1
573	Rakrlsh-149	0	0	1	1
576	Rbgp-203	0	0	1	1
577	Rbgp-205	0	0	0	1
586	Rksh-412	0	0	2	1
587	Rkuch-03	0	0	1	1
589	Rkuch-53	0	0	1	1
590	Rkuch-58	0	0	1	1
591	Rorl-102	0	0	2	1
592	Rorl-110	0	0	2	1
594	Rorl-155	0	0	1	1
604	Rps-012	0	0	1	1
606	Rps-091	0	0	1	1
609	Rrzm-10	0	0	2	1
610	Rrzm-13	0	0	1	1
612	Rrzm-83	0	0	1	1
615	Rrzs-11	0	0	1	1
613	Rrzs-3	0	0	2	1
619	Rrzs-66	0	0	1	1
622	Rsm-109	0	0	1	1
623	Rsm-166	0	0	1	1
625	Rsm-176	0	0	1	1
626	Rsm-179	0	0	1	1
627	Rsm-181	0	0	1	1
2704	SA018	0	0	2	1
2683	SA047	0	0	2	1
800	SA063	0	0	2	1
805	SA078	0	0	2	1
799	SA1004	0	0	2	1
804	SA1025	0	0	2	1
3889	SAB009	0	0	1	1
3890	SAB014	0	0	1	1
3892	SAB131	0	0	1	1
3893	SAB137	0	0	1	1
2876	SAH18	0	0	2	1
2844	SAH21	0	0	2	1
2850	SAH24	0	0	2	1
2821	SAH27	0	0	2	1
2892	SAH9	0	0	2	1
1949	SD60_297	0	0	1	1
3894	SER011	0	0	1	1
3895	SER015	0	0	1	1
3896	SER018	0	0	1	1
3899	SER064	0	0	1	1
3224	SL1	0	0	1	1
3232	SL3	0	0	1	1
3240	SL7	0	0	1	1
3244	SL9	0	0	1	1
3903	SOL053	0	0	1	1
3904	SOL083	0	0	1	1
646	STA-116	0	0	1	1
647	STA-120	0	0	1	1
652	STA-211	0	0	1	1
654	STA-237	0	0	1	1
656	STA-297	0	0	1	1
657	STA-300	0	0	1	1
661	STA-357	0	0	1	1
664	STA-434	0	0	1	1
3906	STC091	0	0	1	1
3156	SY071	0	0	1	1
2167	SaudiA1	0	0	1	1
2102	SaudiA5	0	0	1	1
2113	SaudiA6	0	0	1	1
2125	SaudiA7	0	0	1	1
2146	SaudiA9	0	0	1	1
2313	Selkup105	0	0	1	1
2302	Selkup121	0	0	2	1
2267	Selkup38	0	0	1	1
2325	Selkup4	0	0	2	1
2348	Selkup4a	0	0	2	1
2314	Selkup82	0	0	2	1
2279	Selkup83	0	0	1	1
832	Sesk_47	0	0	1	1
631	Shap-55	0	0	2	1
3161	Sherpa04	0	0	2	1
637	Shor-262	0	0	1	1
638	Shor-263	0	0	1	1
640	Shor-293	0	0	1	1
927	Sir26	0	0	1	1
2772	SouthFrench3326	0	0	1	1
2789	SouthFrench3947	0	0	1	1
2816	SouthFrench3951	0	0	1	1
2891	SouthFrench4018	0	0	1	1
3337	T126	0	0	2	1
3341	T127	0	0	2	1
3225	T165	0	0	1	1
3229	T170	0	0	1	1
3354	T18	0	0	2	1
3249	T185	0	0	2	1
3321	T188	0	0	1	1
3305	T189	0	0	2	1
3325	T190	0	0	2	1
3309	T192	0	0	1	1
3205	T196	0	0	2	1
3345	T199	0	0	1	1
3221	T21	0	0	2	1
3358	T215	0	0	1	1
3269	T238	0	0	1	1
3329	T242	0	0	1	1
3189	T247	0	0	1	1
3333	T248	0	0	1	1
3209	T273	0	0	2	1
3181	T274	0	0	2	1
3217	T283	0	0	2	1
3317	T297	0	0	2	1
3281	T320	0	0	2	1
3253	T67	0	0	2	1
3241	T76	0	0	1	1
3301	T80	0	0	2	1
669	TJ-011	0	0	1	1
671	TJ-038	0	0	1	1
675	TJ-0484	0	0	1	1
677	TJ-0495	0	0	1	1
678	TJ-0500	0	0	1	1
679	TJ-0517	0	0	1	1
680	TJ-0555	0	0	1	1
681	TJ-0573	0	0	1	1
682	TJ-0574	0	0	1	1
683	TJ-0686	0	0	1	1
685	TJ-0796	0	0	1	1
686	TJ-0798	0	0	1	1
690	TJ-0986	0	0	1	1
692	TJ-1041	0	0	1	1
1981	TLA010	0	0	1	1
1986	TLA017	0	0	1	1
1987	TLA018	0	0	1	1
1988	TLA019	0	0	1	1
1989	TLA020	0	0	1	1
1990	TLA021	0	0	1	1
1995	TLA026	0	0	1	1
1998	TLA029	0	0	1	1
2775	TP04	0	0	1	1
2733	TP05	0	0	1	1
2745	TP06	0	0	1	1
2757	TP07	0	0	1	1
2696	TP08	0	0	1	1
693	TTR-086	0	0	1	1
694	TTR-094	0	0	1	1
698	TTR-241	0	0	1	1
701	TTR-249	0	0	1	1
706	TTR-356	0	0	1	1
710	TTR-460	0	0	1	1
711	TTR-462	0	0	1	1
716	TTR-493	0	0	1	1
719	TTR-514	0	0	1	1
722	TUV-004	0	0	1	1
723	TUV-008	0	0	1	1
725	TUV-044	0	0	1	1
728	TUV-071	0	0	1	1
732	TUV-195	0	0	1	1
733	TUV-199	0	0	1	1
734	TUV-349	0	0	1	1
735	TUV-392	0	0	1	1
3115	Ta24	0	0	1	1
3108	Ta39	0	0	2	1
3119	Ta64	0	0	1	1
3234	Tibetan870	0	0	1	1
3238	Tibetan871	0	0	1	1
3246	Tibetan937	0	0	1	1
2922	Trabzon21534	0	0	1	1
3000	Trabzon21544	0	0	1	1
2900	Trabzon21557	0	0	1	1
2978	Trabzon21575	0	0	1	1
3003	Trabzon21645	0	0	1	1
718	Ttr-507	0	0	1	1
908	Tuba1	0	0	1	1
921	Tuba10	0	0	2	1
932	Tuba11	0	0	2	1
862	Tuba13	0	0	2	1
898	Tuba16	0	0	2	1
920	Tuba2	0	0	1	1
863	Tuba21	0	0	2	1
911	Tuba25	0	0	1	1
864	Tuba29	0	0	2	1
876	Tuba30	0	0	2	1
888	Tuba31	0	0	2	1
873	Tuba6	0	0	2	1
909	Tuba9	0	0	2	1
3575	Tuebingen02	0	0	1	1
3577	Tuebingen07	0	0	2	1
3614	Tuebingen103	0	0	2	1
3615	Tuebingen104	0	0	1	1
3616	Tuebingen106	0	0	2	1
3619	Tuebingen114	0	0	2	1
3620	Tuebingen116	0	0	1	1
3621	Tuebingen119	0	0	2	1
3622	Tuebingen121	0	0	1	1
3625	Tuebingen126	0	0	1	1
3626	Tuebingen127	0	0	1	1
3582	Tuebingen21	0	0	1	1
3586	Tuebingen28	0	0	2	1
3587	Tuebingen35	0	0	1	1
3589	Tuebingen50	0	0	2	1
3591	Tuebingen52	0	0	1	1
3593	Tuebingen54	0	0	1	1
3594	Tuebingen58	0	0	2	1
3596	Tuebingen60	0	0	2	1
3597	Tuebingen62	0	0	2	1
3602	Tuebingen77	0	0	1	1
3605	Tuebingen81	0	0	1	1
3607	Tuebingen82	0	0	2	1
3606	Tuebingen83	0	0	1	1
3609	Tuebingen90	0	0	2	1
3610	Tuebingen94	0	0	2	1
3611	Tuebingen95	0	0	2	1
3628	TuebingenK15	0	0	2	1
3629	TuebingenK16	0	0	2	1
3630	TuebingenK17	0	0	2	1
3631	TuebingenK22	0	0	2	1
3632	TuebingenK29	0	0	1	1
2678	Tunisian200000	0	0	2	1
2861	Tunisian20A5	0	0	2	1
2930	Tunisian20B4	0	0	1	1
2810	Tunisian20C1	0	0	1	1
2883	Tunisian20C4	0	0	2	1
2929	Tunisian20D1	0	0	2	1
2855	Tunisian20D4	0	0	2	1
2822	Tunisian20F4	0	0	1	1
2859	Turkish4BA57	0	0	1	1
2808	Turkish7BA57	0	0	1	1
2833	Turkish8BA62	0	0	1	1
2324	Tuvinians54	0	0	2	1
2300	Tuvinians64	0	0	2	1
736	UDM-004	0	0	1	1
737	UDM-033	0	0	1	1
739	UDM-138	0	0	1	1
741	UDM-254	0	0	1	1
742	UDM-255	0	0	1	1
743	UDM-256	0	0	1	1
744	UDM-287	0	0	1	1
745	UDM-309	0	0	1	1
747	UDM-335	0	0	1	1
750	UDM-362	0	0	1	1
752	UKR-1283	0	0	1	1
754	UKR-1292	0	0	1	1
758	UKR-1909	0	0	1	1
759	UKR-1913	0	0	1	1
762	UKR-1992	0	0	1	1
769	UZB-237	0	0	1	1
770	UZB-238	0	0	1	1
771	UZB-244	0	0	1	1
773	UZB-301	0	0	1	1
775	UZB-303	0	0	1	1
776	UZB-304	0	0	1	1
777	UZB-305	0	0	1	1
778	UZB-306	0	0	1	1
780	UZB-308	0	0	1	1
783	UZB-410	0	0	1	1
787	UZB-416	0	0	1	1
788	UZB-417	0	0	1	1
789	UZB-420	0	0	1	1
790	UZB-421	0	0	1	1
791	UZB-422	0	0	1	1
793	UZB-427	0	0	1	1
2361	UZB178_turkmen	0	0	1	1
2350	UkrBel614	0	0	1	1
2269	UkrBel618	0	0	1	1
2339	UkrLv228	0	0	1	1
2351	UkrLv237	0	0	1	1
2270	UkrLv240	0	0	1	1
2717	Ul1	0	0	2	1
882	Ul10	0	0	2	1
2709	Ul16	0	0	2	1
906	Ul19	0	0	2	1
883	Ul43	0	0	2	1
895	Ul44	0	0	2	1
846	Ul5	0	0	2	1
2787	Ul52	0	0	1	1
919	Ul59	0	0	2	1
848	Ul65	0	0	2	1
896	Ul74	0	0	2	1
3910	VID037	0	0	1	1
3911	VID044	0	0	1	1
3912	VID048	0	0	1	1
3913	VID057	0	0	1	1
3633	Vgut1	0	0	1	1
3639	Vgut11	0	0	2	1
3641	Vgut13	0	0	2	1
3642	Vgut14	0	0	1	1
3645	Vgut19	0	0	1	1
3635	Vgut4	0	0	2	1
3636	Vgut6	0	0	2	1
3637	Vgut7	0	0	1	1
3650	Viet12	0	0	2	1
3652	Viet27	0	0	1	1
3653	Viet29	0	0	1	1
3646	Viet5	0	0	2	1
3647	Viet6	0	0	1	1
3656	Vizaya1	0	0	2	1
3657	Vizaya2	0	0	2	1
3659	Vizaya4	0	0	2	1
3034	W10	0	0	2	1
3175	W11	0	0	2	1
3404	W15	0	0	2	1
3167	W29	0	0	2	1
3374	XHTB5	0	0	1	1
3212	XHTB7	0	0	1	1
3370	XL05	0	0	1	1
3304	XL20	0	0	1	1
3366	XL37	0	0	1	1
3312	XL60	0	0	1	1
3300	XL61	0	0	1	1
3320	XL76	0	0	1	1
3718	Y037	0	0	1	1
3719	Y038	0	0	1	1
3720	Y047	0	0	1	1
3724	Y086	0	0	2	1
3729	Y190	0	0	1	1
3731	Y208	0	0	1	1
3732	Y210	0	0	2	1
3735	Y217	0	0	1	1
3739	Y224	0	0	1	1
3741	Y226	0	0	1	1
3742	Y227	0	0	1	1
3743	Y232	0	0	1	1
3746	Y236	0	0	1	1
3748	Y239	0	0	1	1
3750	Y246	0	0	1	1
3753	Y254	0	0	1	1
3756	Y276	0	0	2	1
3757	Y279	0	0	2	1
3759	Y283	0	0	2	1
3760	Y288	0	0	1	1
3763	Y301	0	0	1	1
3764	Y303	0	0	1	1
3766	Y312	0	0	1	1
3768	Y325	0	0	1	1
3769	Y326	0	0	1	1
3772	Y334	0	0	1	1
3773	Y338	0	0	2	1
3774	Y341	0	0	2	1
3775	Y345	0	0	2	1
3780	Y388	0	0	2	1
3781	Y391	0	0	2	1
3782	Y392	0	0	2	1
3783	Y504	0	0	1	1
3788	Y519	0	0	1	1
3790	Y522	0	0	1	1
3791	Y524	0	0	1	1
3792	Y528	0	0	1	1
3793	Y529	0	0	1	1
3795	Y532	0	0	1	1
3797	Y537	0	0	1	1
3798	Y540	0	0	1	1
3799	Y541	0	0	1	1
3800	Y542	0	0	1	1
3801	Y544	0	0	1	1
3268	YJ01	0	0	1	1
3292	YJ104	0	0	1	1
3288	YJ25	0	0	1	1
3256	YJ86	0	0	1	1
2170	Yemen10	0	0	1	1
2115	Yemen3	0	0	1	1
2137	Yemen5	0	0	1	1
2370	Yemenese1529	0	0	1	1
807	Yuk_009	0	0	1	1
829	Yuk_019	0	0	2	1
812	Yuk_020	0	0	2	1
817	Yuk_023	0	0	2	1
815	Yuk_024	0	0	2	1
808	Yuk_025	0	0	2	1
2657	Zapo0076	0	0	2	1
2654	Zapo0082	0	0	2	1
2655	Zapo0083	0	0	2	1
2653	Zapo0091	0	0	2	1
3052	Zhuang013	0	0	1	1
3255	Zhuang015	0	0	2	1
3040	Zhuang019	0	0	2	1
3044	Zhuang02	0	0	2	1
3271	Zhuang020	0	0	2	1
3196	Zhuang03	0	0	2	1
3048	Zhuang04	0	0	2	1
3406	Zhuang05	0	0	2	1
3402	Zhuang06	0	0	1	1
3163	Zhuang08	0	0	2	1
3159	Zhuang09	0	0	2	1
2185	abh107	0	0	1	1
2197	abh119	0	0	1	1
2221	abh133	0	0	1	1
2233	abh147	0	0	1	1
2186	abh41	0	0	1	1
2322	altai283p	0	0	1	1
2264	altai363p	0	0	1	1
2222	armenia102	0	0	1	1
2234	armenia106	0	0	1	1
2177	armenia176	0	0	1	1
2199	armenia279	0	0	1	1
2211	armenia293	0	0	1	1
2198	armenia86	0	0	1	1
2210	armenia91	0	0	1	1
2171	bal102	0	0	1	1
2192	bal136	0	0	1	1
2204	bal22	0	0	1	1
2216	bal41	0	0	1	1
2240	bal45	0	0	1	1
2172	bal64	0	0	1	1
2337	bel23s	0	0	1	1
2280	bel30s	0	0	1	1
2292	bel72c	0	0	1	1
2349	bel82s	0	0	1	1
2338	belarusian47zp	0	0	1	1
2254	ch113	0	0	1	1
2175	ch126	0	0	1	1
2184	ch16	0	0	1	1
2196	ch174	0	0	1	1
2208	ch179	0	0	1	1
2232	ch21	0	0	1	1
2096	hungary6	0	0	1	1
2143	iran16	0	0	1	1
2153	iran17	0	0	1	1
2088	iran19	0	0	1	1
2098	iran2	0	0	1	1
2110	iran3	0	0	1	1
2259	kumyks41	0	0	1	1
2189	kumyks44	0	0	1	1
2237	kumyks90	0	0	2	1
2248	kumyks94	0	0	2	1
2225	kumyks98	0	0	2	1
2223	lez31	0	0	1	1
2235	lez33	0	0	1	1
2246	lez36	0	0	1	1
2188	lez40	0	0	1	1
2212	lez49	0	0	1	1
2140	lithuania1	0	0	1	1
2097	lithuania3	0	0	1	1
2141	lithuania8	0	0	1	1
2119	lithuania9	0	0	1	1
474	lpgh-303	0	0	1	1
2205	mg23	0	0	1	1
2229	mg31	0	0	1	1
2252	mg40	0	0	1	1
2173	mg43	0	0	1	1
2206	mg62	0	0	1	1
1941	mixe0007	0	0	2	1
1919	mixe0015	0	0	1	1
1927	mixe0018	0	0	1	1
1930	mixe0026	0	0	2	1
1937	mixe0028	0	0	2	1
1914	mixe0030	0	0	1	1
1924	mixe0035	0	0	2	1
2214	nogay25	0	0	1	1
2191	nogay34	0	0	1	1
2179	nogay42	0	0	1	1
2238	nogay44	0	0	1	1
2367	saudi1403	0	0	1	1
2145	saudi1424	0	0	1	1
2135	saudi1434	0	0	1	1
2100	syria361	0	0	1	1
2123	syria4	0	0	1	1
2133	syria461	0	0	1	1
2090	syria464	0	0	1	1
2111	syria485	0	0	1	1
2122	syria520	0	0	1	1
2154	syria6	0	0	1	1
2165	syria7	0	0	1	1
2362	tdj252_ishkashim	0	0	1	1
2365	tdj255_ishkashim	0	0	1	1
2360	tdj868_rushan	0	0	1	1
2363	tdj979_shugnan	0	0	1	1
2321	usb6	0	0	2	1
2344	usb72	0	0	1	1
2356	usb78	0	0	1	1
2357	usb8	0	0	2	1
